********************************************************************************
STREME - Sensitive, Thorough, Rapid, Enriched Motif Elicitation
********************************************************************************
MEME version 5.5.9 (Release date: Fri Nov 21 15:33:51 2025 -0800)

For further information on how to interpret these results please access https://meme-suite.org/meme.
To get a copy of the MEME Suite software please access https://meme-suite.org.

********************************************************************************


********************************************************************************
REFERENCE
********************************************************************************
If you use this program in your research, please cite:

Timothy L. Bailey,
"STREME: accurate and versatile sequence motif discovery",
Bioinformatics, Mar. 24, 2021.
********************************************************************************


ALPHABET= ACGT

strands: + -

Background letter frequencies
A 0.26 C 0.24 G 0.24 T 0.26 

MOTIF 1-RGTTCGARWCC STREME-1
letter-probability matrix: alength= 4 w= 11 nsites= 391 E= 4.3e-006
 0.394929 0.000105 0.604852 0.000114
 0.006142 0.000105 0.993638 0.000114
 0.000114 0.000105 0.000105 0.999675
 0.000114 0.000105 0.000105 0.999675
 0.000114 0.999666 0.000105 0.000114
 0.276254 0.000105 0.723526 0.000114
 0.999675 0.000105 0.000105 0.000114
 0.250264 0.022786 0.497760 0.229190
 0.345333 0.167634 0.054355 0.432678
 0.006142 0.990624 0.000105 0.003128
 0.000114 0.951444 0.003119 0.045322

MOTIF 2-TAACCACTABACCA STREME-2
letter-probability matrix: alength= 4 w= 14 nsites= 212 E= 2.5e-005
 0.010529 0.005347 0.000181 0.983943
 0.682162 0.265797 0.005347 0.046694
 0.865116 0.000181 0.093176 0.041527
 0.000196 0.968428 0.015680 0.015695
 0.005363 0.921931 0.005347 0.067360
 0.942612 0.005347 0.051845 0.000196
 0.005363 0.730774 0.020846 0.243017
 0.000196 0.026013 0.005347 0.968444
 0.890948 0.088010 0.010514 0.010529
 0.026028 0.320498 0.335997 0.317476
 0.844450 0.000181 0.150007 0.005363
 0.012658 0.950800 0.015680 0.020862
 0.031195 0.611946 0.067344 0.289515
 0.989109 0.000181 0.005347 0.005363

MOTIF 3-CAGTGAGCCGAGAT STREME-3
letter-probability matrix: alength= 4 w= 14 nsites= 175 E= 2.0e-004
 0.000248 0.953567 0.000229 0.045956
 0.894819 0.000229 0.091645 0.013307
 0.019837 0.000229 0.979686 0.000248
 0.000248 0.039407 0.019818 0.940527
 0.019837 0.000229 0.979686 0.000248
 0.992765 0.000229 0.006758 0.000248
 0.013307 0.000229 0.960097 0.026367
 0.006778 0.933978 0.013288 0.045956
 0.006778 0.803384 0.032877 0.156961
 0.241848 0.026347 0.725027 0.006778
 0.973176 0.006758 0.000229 0.019837
 0.006778 0.006758 0.979686 0.006778
 0.927468 0.006758 0.032877 0.032897
 0.000248 0.019818 0.000229 0.979706

MOTIF 4-TAGAGCATKDGACTK STREME-4
letter-probability matrix: alength= 4 w= 15 nsites= 169 E= 4.0e-004
 0.000222 0.000204 0.000204 0.999369
 0.981840 0.000204 0.017733 0.000222
 0.052809 0.017733 0.929236 0.000222
 0.777336 0.204708 0.000204 0.017751
 0.076180 0.006047 0.894178 0.023594
 0.006065 0.964294 0.000204 0.029437
 0.783179 0.000204 0.216394 0.000222
 0.029437 0.058634 0.046948 0.864981
 0.052809 0.122907 0.292353 0.531932
 0.239784 0.076163 0.315725 0.368329
 0.082023 0.035262 0.724732 0.157982
 0.736436 0.000204 0.239766 0.023594
 0.017751 0.946765 0.000204 0.035280
 0.029437 0.000204 0.000204 0.970154
 0.134610 0.134593 0.479328 0.251469

MOTIF 5-CTCAGCCTCCCRAG STREME-5
letter-probability matrix: alength= 4 w= 14 nsites= 215 E= 4.0e-004
 0.000192 0.979200 0.000177 0.020431
 0.000192 0.005237 0.000177 0.994394
 0.000192 0.948842 0.000177 0.050788
 0.736353 0.040654 0.187383 0.035610
 0.028005 0.000177 0.971625 0.000192
 0.000192 0.928604 0.010296 0.060908
 0.005252 0.964021 0.005237 0.025490
 0.000192 0.005237 0.000177 0.994394
 0.000192 0.979200 0.000177 0.020431
 0.000192 0.999439 0.000177 0.000192
 0.005252 0.791994 0.000177 0.202577
 0.473253 0.010296 0.496020 0.020431
 0.928619 0.000177 0.071012 0.000192
 0.280987 0.010296 0.703465 0.005252

MOTIF 6-CGTCTCTACTAAAAA STREME-6
letter-probability matrix: alength= 4 w= 15 nsites= 169 E= 7.9e-004
 0.019708 0.785197 0.000227 0.194867
 0.272715 0.013202 0.694374 0.019708
 0.013221 0.013202 0.013202 0.960375
 0.006734 0.908457 0.013202 0.071607
 0.000246 0.000227 0.006714 0.992812
 0.000246 0.960356 0.013202 0.026196
 0.006734 0.039151 0.000227 0.953888
 0.966863 0.006714 0.026176 0.000246
 0.013221 0.940894 0.013202 0.032683
 0.084582 0.039151 0.000227 0.876040
 0.947401 0.006714 0.032664 0.013221
 0.999300 0.000227 0.000227 0.000246
 0.986325 0.000227 0.006714 0.006734
 0.966863 0.006714 0.013202 0.013221
 0.973350 0.000227 0.006714 0.019708

MOTIF 7-CCATGTTGGCCAGG STREME-7
letter-probability matrix: alength= 4 w= 14 nsites= 186 E= 7.9e-004
 0.006481 0.980574 0.006463 0.006481
 0.006481 0.936864 0.000219 0.056436
 0.936883 0.012707 0.037684 0.012726
 0.006481 0.037684 0.000219 0.955616
 0.068924 0.025196 0.893154 0.012726
 0.006481 0.025196 0.000219 0.968104
 0.000237 0.006463 0.093883 0.899417
 0.081413 0.000219 0.918131 0.000237
 0.118879 0.075150 0.762024 0.043947
 0.000237 0.836955 0.006463 0.156345
 0.012726 0.961841 0.000219 0.025214
 0.974349 0.012707 0.006463 0.006481
 0.012726 0.006463 0.980574 0.000237
 0.031459 0.000219 0.961841 0.006481

MOTIF 8-CCTGTAATCCCAG STREME-8
letter-probability matrix: alength= 4 w= 13 nsites= 211 E= 1.6e-003
 0.016190 0.978092 0.000187 0.005532
 0.005532 0.972762 0.000187 0.021519
 0.002852 0.005516 0.000187 0.991446
 0.021519 0.005516 0.972762 0.000202
 0.000202 0.005516 0.000187 0.994095
 0.940803 0.005516 0.032162 0.021519
 0.818229 0.010845 0.160065 0.010861
 0.005532 0.000187 0.000187 0.994095
 0.000202 0.967433 0.000187 0.032178
 0.005532 0.967433 0.000187 0.026849
 0.000202 0.951445 0.010845 0.037507
 0.983437 0.010845 0.005516 0.000202
 0.042837 0.005516 0.946116 0.005532

MOTIF 9-ACTCCGTCTCAAAAA STREME-9
letter-probability matrix: alength= 4 w= 15 nsites= 150 E= 1.6e-003
 0.984402 0.007658 0.007658 0.000281
 0.015080 0.939984 0.007658 0.037278
 0.015080 0.118649 0.022457 0.843813
 0.000281 0.954783 0.000259 0.044677
 0.007680 0.666206 0.000259 0.325855
 0.296257 0.029857 0.673605 0.000281
 0.000281 0.015058 0.000259 0.984402
 0.007680 0.954783 0.007658 0.029879
 0.044677 0.007658 0.000259 0.947405
 0.089074 0.902987 0.000259 0.007680
 0.947405 0.037256 0.015058 0.000281
 0.977003 0.000259 0.022457 0.000281
 0.991802 0.007658 0.000259 0.000281
 0.954805 0.022457 0.022457 0.000281
 0.888210 0.074253 0.022457 0.015080

MOTIF 10-AAAAATTAGCYGG STREME-10
letter-probability matrix: alength= 4 w= 13 nsites= 151 E= 1.6e-003
 0.835195 0.149352 0.007715 0.007738
 0.976831 0.015170 0.007715 0.000283
 0.984286 0.000261 0.007715 0.007738
 0.991741 0.000261 0.000261 0.007738
 0.954468 0.030079 0.007715 0.007738
 0.000283 0.000261 0.007715 0.991741
 0.000283 0.044988 0.000261 0.954468
 0.999195 0.000261 0.000261 0.000283
 0.037556 0.007715 0.932082 0.022647
 0.000283 0.984264 0.000261 0.015192
 0.037556 0.641354 0.000261 0.320829
 0.097192 0.000261 0.902264 0.000283
 0.052465 0.000261 0.924627 0.022647

MOTIF 11-GGAGAATCGCTTGAA STREME-11
letter-probability matrix: alength= 4 w= 15 nsites= 192 E= 1.9e-003
 0.040414 0.011686 0.947682 0.000218
 0.028930 0.023170 0.947682 0.000218
 0.913245 0.051882 0.005943 0.028930
 0.000218 0.005943 0.993621 0.000218
 0.677811 0.011686 0.310286 0.000218
 0.959184 0.034655 0.000201 0.005960
 0.000218 0.023170 0.005943 0.970668
 0.017445 0.786897 0.023170 0.172487
 0.281591 0.028913 0.631855 0.057641
 0.005960 0.964909 0.011686 0.017445
 0.000218 0.034655 0.023170 0.941957
 0.011703 0.011686 0.011686 0.964926
 0.000218 0.000201 0.993621 0.005960
 0.982153 0.017428 0.000201 0.000218
 0.660584 0.011686 0.327513 0.000218

MOTIF 12-AGGCTGGAGTGCAGT STREME-12
letter-probability matrix: alength= 4 w= 15 nsites= 199 E= 3.2e-003
 0.972411 0.005590 0.016392 0.005606
 0.016409 0.005590 0.961593 0.016409
 0.059618 0.021794 0.918384 0.000205
 0.005606 0.966994 0.000189 0.027211
 0.005606 0.000189 0.000189 0.994016
 0.059618 0.010991 0.923785 0.005606
 0.005606 0.021794 0.939988 0.032612
 0.967010 0.005590 0.016392 0.011007
 0.021810 0.010991 0.961593 0.005606
 0.005606 0.021794 0.032596 0.940004
 0.059618 0.000189 0.934587 0.005606
 0.005606 0.945389 0.010991 0.038013
 0.950807 0.005590 0.027195 0.016409
 0.183844 0.005590 0.804960 0.005606
 0.005606 0.037997 0.010991 0.945405

MOTIF 13-CMACTGAGCTAH STREME-13
letter-probability matrix: alength= 4 w= 12 nsites= 194 E= 3.2e-003
 0.000211 0.949262 0.028039 0.022487
 0.356621 0.481475 0.156124 0.005780
 0.668479 0.247581 0.055884 0.028056
 0.000211 0.921418 0.000195 0.078176
 0.000211 0.000195 0.000195 0.999399
 0.072607 0.000195 0.926986 0.000211
 0.988261 0.011333 0.000195 0.000211
 0.139434 0.000195 0.849022 0.011349
 0.000211 0.999382 0.000195 0.000211
 0.000211 0.117142 0.000195 0.882452
 0.999399 0.000195 0.000195 0.000211
 0.256381 0.278640 0.050315 0.414665

MOTIF 14-CGTGAGCCACCGCG STREME-14
letter-probability matrix: alength= 4 w= 14 nsites= 189 E= 3.6e-003
 0.043675 0.856584 0.006423 0.093319
 0.260869 0.012628 0.713856 0.012647
 0.000236 0.025039 0.006423 0.968302
 0.012647 0.006423 0.937256 0.043675
 0.931069 0.031245 0.006423 0.031263
 0.043675 0.000217 0.918639 0.037469
 0.018852 0.887612 0.000217 0.093319
 0.000236 0.968284 0.000217 0.031263
 0.993124 0.006423 0.000217 0.000236
 0.006441 0.912434 0.000217 0.080908
 0.006441 0.689034 0.025039 0.279486
 0.285691 0.000217 0.707650 0.006441
 0.018852 0.800734 0.006423 0.173991
 0.229841 0.000217 0.763500 0.006441

MOTIF 15-CTCRCTCTGTCRCCC STREME-15
letter-probability matrix: alength= 4 w= 15 nsites= 145 E= 2.5e-002
 0.030557 0.953756 0.000265 0.015422
 0.000287 0.030534 0.000265 0.968913
 0.007855 0.734302 0.007832 0.250011
 0.431629 0.060804 0.477010 0.030557
 0.000287 0.961323 0.000265 0.038124
 0.000287 0.022967 0.030534 0.946211
 0.022990 0.855380 0.068371 0.053259
 0.000287 0.015400 0.007832 0.976481
 0.015422 0.015400 0.953756 0.015422
 0.000287 0.000265 0.000265 0.999183
 0.038124 0.719167 0.007832 0.234876
 0.393792 0.015400 0.567819 0.022990
 0.007855 0.953756 0.000265 0.038124
 0.007855 0.961323 0.007832 0.022990
 0.015422 0.953756 0.007832 0.022990

MOTIF 16-CCTGACCTCRKGW STREME-16
letter-probability matrix: alength= 4 w= 13 nsites= 117 E= 2.5e-002
 0.000348 0.971497 0.000321 0.027834
 0.000348 0.971497 0.000321 0.027834
 0.000348 0.064455 0.009483 0.925714
 0.009510 0.000321 0.989821 0.000348
 0.852418 0.119427 0.018645 0.009510
 0.018672 0.980659 0.000321 0.000348
 0.009510 0.971497 0.009483 0.009510
 0.000348 0.009483 0.018645 0.971525
 0.000348 0.925687 0.000321 0.073644
 0.586719 0.000321 0.412613 0.000348
 0.036996 0.000321 0.595854 0.366830
 0.082806 0.000321 0.916525 0.000348
 0.357668 0.119427 0.009483 0.513422

MOTIF 17-RGGGACCTCTYG STREME-17
letter-probability matrix: alength= 4 w= 12 nsites= 68 E= 1.0e-001
 0.383035 0.183470 0.416237 0.017258
 0.000631 0.000582 0.998155 0.000631
 0.000631 0.017208 0.981529 0.000631
 0.017258 0.000582 0.981529 0.000631
 0.998205 0.000582 0.000582 0.000631
 0.000631 0.998155 0.000582 0.000631
 0.000631 0.948277 0.000582 0.050510
 0.033884 0.000582 0.017208 0.948326
 0.000631 0.782014 0.000582 0.216772
 0.000631 0.000582 0.000582 0.998205
 0.000631 0.366359 0.000582 0.632428
 0.000631 0.000582 0.998155 0.000631

MOTIF 18-GTGGCGCAATSG STREME-18
letter-probability matrix: alength= 4 w= 12 nsites= 79 E= 2.0e-001
 0.039897 0.039858 0.919747 0.000499
 0.000499 0.026725 0.131786 0.840990
 0.053029 0.000460 0.946012 0.000499
 0.026764 0.000460 0.946012 0.026764
 0.000499 0.840951 0.000460 0.158091
 0.105560 0.000460 0.840951 0.053029
 0.000499 0.985410 0.000460 0.013631
 0.854123 0.131786 0.013592 0.000499
 0.867255 0.000460 0.131786 0.000499
 0.000499 0.171184 0.000460 0.827857
 0.000499 0.407573 0.552032 0.039897
 0.079295 0.000460 0.906614 0.013631

MOTIF 19-CATAGCTGCCTTCCA STREME-19
letter-probability matrix: alength= 4 w= 15 nsites= 49 E= 4.1e-001
 0.000880 0.904841 0.000811 0.093467
 0.974317 0.000811 0.023992 0.000880
 0.000880 0.093532 0.000811 0.904776
 0.997497 0.000811 0.000811 0.000880
 0.024061 0.047172 0.927887 0.000880
 0.000880 0.997428 0.000811 0.000880
 0.000880 0.047172 0.000811 0.951137
 0.024061 0.023992 0.927887 0.024061
 0.024061 0.904707 0.023992 0.047241
 0.024061 0.927887 0.000811 0.047241
 0.000880 0.047172 0.023992 0.927956
 0.047241 0.023992 0.000811 0.927956
 0.000880 0.858347 0.000811 0.139962
 0.070421 0.788806 0.000811 0.139962
 0.951137 0.000811 0.023992 0.024061

MOTIF 20-CAACCTCYRCCTCCY STREME-20
letter-probability matrix: alength= 4 w= 15 nsites= 132 E= 4.6e-001
 0.026079 0.947394 0.013244 0.013283
 0.973025 0.026041 0.000448 0.000486
 0.857856 0.026041 0.090024 0.026079
 0.000486 0.934597 0.026041 0.038876
 0.013283 0.934597 0.013244 0.038876
 0.000486 0.051634 0.000448 0.947432
 0.013283 0.921801 0.013244 0.051672
 0.064469 0.409938 0.064431 0.461162
 0.525145 0.064431 0.371548 0.038876
 0.038876 0.857818 0.026041 0.077265
 0.013283 0.896208 0.026041 0.064469
 0.013283 0.026041 0.000448 0.960229
 0.013283 0.947394 0.038838 0.000486
 0.026079 0.896208 0.051634 0.026079
 0.090062 0.358752 0.038838 0.512349

MOTIF 21-AAAAAAAAAAAAGAA STREME-21
letter-probability matrix: alength= 4 w= 15 nsites= 124 E= 5.1e-001
 0.967688 0.021157 0.010761 0.000395
 0.988481 0.010761 0.000364 0.000395
 0.967688 0.000364 0.010761 0.021188
 0.926101 0.000364 0.052347 0.021188
 0.967688 0.021157 0.000364 0.010791
 0.915704 0.021157 0.031554 0.031585
 0.874118 0.031554 0.062744 0.031585
 0.936498 0.000364 0.041950 0.021188
 0.905308 0.000364 0.073140 0.021188
 0.946894 0.021157 0.031554 0.000395
 0.998877 0.000364 0.000364 0.000395
 0.978084 0.000364 0.000364 0.021188
 0.212951 0.073140 0.713514 0.000395
 0.942690 0.021157 0.000364 0.035789
 0.882540 0.093934 0.002338 0.021188

MOTIF 22-CGTGGTGGCGGGCG STREME-22
letter-probability matrix: alength= 4 w= 14 nsites= 92 E= 8.1e-001
 0.046650 0.767659 0.000404 0.185286
 0.312368 0.011957 0.663683 0.011992
 0.000439 0.039824 0.000404 0.959332
 0.011992 0.000404 0.987165 0.000439
 0.023545 0.011957 0.952506 0.011992
 0.000439 0.000404 0.000404 0.998753
 0.011992 0.023510 0.964059 0.000439
 0.000439 0.000404 0.964059 0.035098
 0.000439 0.698342 0.023510 0.277709
 0.196839 0.035063 0.709895 0.058203
 0.023545 0.115934 0.629024 0.231497
 0.011992 0.000404 0.987165 0.000439
 0.000439 0.663683 0.011957 0.323921
 0.139074 0.011957 0.825424 0.023545

MOTIF 23-CTGGTCTCAAACT STREME-23
letter-probability matrix: alength= 4 w= 13 nsites= 52 E= 8.1e-001
 0.052061 0.946075 0.000894 0.000970
 0.000970 0.000894 0.000894 0.997242
 0.052061 0.000894 0.894984 0.052061
 0.026516 0.026439 0.946075 0.000970
 0.000970 0.026439 0.000894 0.971696
 0.000970 0.946075 0.000894 0.052061
 0.000970 0.000894 0.026439 0.971696
 0.000970 0.946075 0.000894 0.052061
 0.716242 0.077530 0.205257 0.000970
 0.946151 0.026439 0.000894 0.026516
 0.895060 0.000894 0.026439 0.077606
 0.026516 0.946075 0.000894 0.026516
 0.026516 0.000894 0.000894 0.971696

MOTIF 24-CACTTTGGGAGGCCG STREME-24
letter-probability matrix: alength= 4 w= 15 nsites= 49 E= 3.2e+000
 0.000923 0.997303 0.000851 0.000923
 0.997376 0.000851 0.000851 0.000923
 0.000923 0.997303 0.000851 0.000923
 0.000923 0.025154 0.000851 0.973072
 0.049530 0.098066 0.073762 0.778642
 0.000923 0.025154 0.025154 0.948768
 0.025227 0.098066 0.851481 0.025227
 0.098138 0.025154 0.705659 0.171049
 0.025227 0.025154 0.948696 0.000923
 0.997376 0.000851 0.000851 0.000923
 0.025227 0.000851 0.973000 0.000923
 0.000923 0.000851 0.875785 0.122442
 0.073834 0.900089 0.000851 0.025227
 0.025227 0.875785 0.025154 0.073834
 0.243960 0.073762 0.535533 0.146745

MOTIF 25-GATCCRCCCGC STREME-25
letter-probability matrix: alength= 4 w= 11 nsites= 61 E= 8.1e+000
 0.000630 0.000581 0.998159 0.000630
 0.998208 0.000581 0.000581 0.000630
 0.017225 0.000581 0.017176 0.965018
 0.000630 0.998159 0.000581 0.000630
 0.000630 0.716044 0.000581 0.282745
 0.598050 0.000581 0.400739 0.000630
 0.000630 0.998159 0.000581 0.000630
 0.000630 0.998159 0.000581 0.000630
 0.017225 0.782424 0.050366 0.149985
 0.251433 0.000581 0.747356 0.000630
 0.000630 0.931779 0.000581 0.067010

MOTIF 26-GGCAACAAGAGYGAA STREME-26
letter-probability matrix: alength= 4 w= 15 nsites= 47 E= 1.3e+001
 0.045142 0.000775 0.953242 0.000841
 0.045142 0.022926 0.931091 0.000841
 0.000841 0.886790 0.000775 0.111593
 0.798255 0.000775 0.177978 0.022992
 0.975458 0.000775 0.022926 0.000841
 0.045142 0.886790 0.000775 0.067292
 0.953308 0.000775 0.045076 0.000841
 0.909007 0.000775 0.089377 0.000841
 0.000841 0.111527 0.886790 0.000841
 0.953308 0.022926 0.000775 0.022992
 0.000841 0.000775 0.997542 0.000841
 0.000841 0.576685 0.045076 0.377398
 0.133743 0.000775 0.864640 0.000841
 0.997608 0.000775 0.000775 0.000841
 0.820405 0.045076 0.133678 0.000841

********************************************************************************
Stopped because 3 consecutive motifs exceeded the p-value threshold (0.05).
********************************************************************************
COMMAND:	streme -p data/pol3_fasta_by_class/II.fasta -o data/pol3_fasta_by_class/II_streme_out/
********************************************************************************
CPU:		rtis-hpc-r08.uod.otago.ac.nz
********************************************************************************
FINALTIME:	90.94 seconds
********************************************************************************
