********************************************************************************
STREME - Sensitive, Thorough, Rapid, Enriched Motif Elicitation
********************************************************************************
MEME version 5.5.9 (Release date: Fri Nov 21 15:33:51 2025 -0800)

For further information on how to interpret these results please access https://meme-suite.org/meme.
To get a copy of the MEME Suite software please access https://meme-suite.org.

********************************************************************************


********************************************************************************
REFERENCE
********************************************************************************
If you use this program in your research, please cite:

Timothy L. Bailey,
"STREME: accurate and versatile sequence motif discovery",
Bioinformatics, Mar. 24, 2021.
********************************************************************************


ALPHABET= ACGT

strands: + -

Background letter frequencies
A 0.291 C 0.209 G 0.209 T 0.291 

MOTIF 1-CCAGCCTGGGCRAC STREME-1
letter-probability matrix: alength= 4 w= 14 nsites= 82 E= 9.6e-002
 0.000583 0.984556 0.014278 0.000583
 0.028305 0.873667 0.000417 0.097611
 0.957000 0.014278 0.014278 0.014444
 0.000583 0.028139 0.929112 0.042166
 0.000583 0.998418 0.000417 0.000583
 0.014444 0.942973 0.014278 0.028305
 0.000583 0.014278 0.000417 0.984722
 0.097611 0.000417 0.873667 0.028305
 0.111472 0.000417 0.887529 0.000583
 0.069888 0.291501 0.624167 0.014444
 0.056027 0.748917 0.028139 0.166916
 0.624333 0.014278 0.360806 0.000583
 0.970861 0.028139 0.000417 0.000583
 0.000583 0.873667 0.055862 0.069888

MOTIF 2-CCTCAGCCTCCCRA STREME-2
letter-probability matrix: alength= 4 w= 14 nsites= 103 E= 1.2e-001
 0.000466 0.909987 0.011427 0.078120
 0.000466 0.965454 0.000334 0.033746
 0.022653 0.011427 0.022520 0.943399
 0.011560 0.932174 0.000334 0.055933
 0.699346 0.044707 0.211107 0.044840
 0.011560 0.022520 0.965454 0.000466
 0.000466 0.998734 0.000334 0.000466
 0.044840 0.932174 0.011427 0.011560
 0.011560 0.011427 0.000334 0.976679
 0.011560 0.976547 0.011427 0.000466
 0.000466 0.965454 0.000334 0.033746
 0.033746 0.743587 0.022520 0.200146
 0.422013 0.022520 0.543907 0.011560
 0.854653 0.011427 0.122360 0.011560

MOTIF 3-CTGGGATTACA STREME-3
letter-probability matrix: alength= 4 w= 11 nsites= 84 E= 4.3e-001
 0.000583 0.984556 0.014278 0.000583
 0.000583 0.000417 0.000417 0.998583
 0.000583 0.000417 0.998418 0.000583
 0.028305 0.028139 0.929112 0.014444
 0.000583 0.000417 0.998418 0.000583
 0.984722 0.000417 0.014278 0.000583
 0.000583 0.222195 0.000417 0.776805
 0.000583 0.014278 0.000417 0.984722
 0.998583 0.000417 0.000417 0.000583
 0.000583 0.956834 0.014278 0.028305
 0.970861 0.000417 0.028139 0.000583

MOTIF 4-AGTGCAGTGGC STREME-4
letter-probability matrix: alength= 4 w= 11 nsites= 62 E= 4.3e-001
 0.935582 0.018964 0.018964 0.026491
 0.026491 0.018964 0.928055 0.026491
 0.026491 0.018964 0.018964 0.935582
 0.026491 0.018964 0.928055 0.026491
 0.026491 0.928055 0.018964 0.026491
 0.935582 0.018964 0.018964 0.026491
 0.026491 0.018964 0.928055 0.026491
 0.026491 0.018964 0.018964 0.935582
 0.026491 0.018964 0.928055 0.026491
 0.026491 0.018964 0.928055 0.026491
 0.026491 0.928055 0.018964 0.026491

MOTIF 5-CTCCTGRCCTCARGT STREME-5
letter-probability matrix: alength= 4 w= 15 nsites= 79 E= 4.4e-001
 0.000552 0.906570 0.000395 0.092483
 0.053084 0.000395 0.000395 0.946126
 0.000552 0.998501 0.000395 0.000552
 0.013685 0.893437 0.000395 0.092483
 0.000552 0.079193 0.000395 0.919860
 0.092483 0.000395 0.906570 0.000552
 0.617801 0.000395 0.354985 0.026818
 0.066217 0.578246 0.263055 0.092483
 0.066217 0.801506 0.000395 0.131882
 0.000552 0.000395 0.000395 0.998658
 0.013685 0.880304 0.000395 0.105616
 0.788530 0.000395 0.157991 0.053084
 0.473339 0.000395 0.368118 0.158148
 0.092483 0.000395 0.906570 0.000552
 0.197547 0.249922 0.026661 0.525871

MOTIF 6-GCAGTGAGCCGAGAT STREME-6
letter-probability matrix: alength= 4 w= 15 nsites= 60 E= 4.4e-001
 0.057241 0.000566 0.941402 0.000791
 0.000791 0.922585 0.000566 0.076058
 0.903993 0.019383 0.075833 0.000791
 0.019608 0.000566 0.979035 0.000791
 0.038424 0.000566 0.000566 0.960443
 0.076058 0.000566 0.922585 0.000791
 0.998077 0.000566 0.000566 0.000791
 0.076058 0.038200 0.884952 0.000791
 0.038424 0.960218 0.000566 0.000791
 0.038424 0.753235 0.019383 0.188958
 0.226591 0.000566 0.772051 0.000791
 0.866360 0.000566 0.038200 0.094875
 0.038424 0.000566 0.960218 0.000791
 0.960443 0.000566 0.000566 0.038424
 0.000791 0.038200 0.019383 0.941626

MOTIF 7-CTAAAAATACAAAA STREME-7
letter-probability matrix: alength= 4 w= 14 nsites= 61 E= 1.2e+000
 0.036371 0.962344 0.000536 0.000749
 0.089805 0.036159 0.000536 0.873500
 0.980368 0.018347 0.000536 0.000749
 0.909123 0.089592 0.000536 0.000749
 0.980368 0.000536 0.018347 0.000749
 0.873500 0.018347 0.053970 0.054183
 0.855689 0.071781 0.071781 0.000749
 0.000749 0.053970 0.018347 0.926934
 0.962557 0.000536 0.036159 0.000749
 0.018560 0.891099 0.053970 0.036371
 0.962557 0.000536 0.000536 0.036371
 0.926934 0.036159 0.018347 0.018560
 0.766633 0.089592 0.018347 0.125428
 0.926934 0.053970 0.000536 0.018560

MOTIF 8-AGACGGGGTYTCAC STREME-8
letter-probability matrix: alength= 4 w= 14 nsites= 68 E= 2.0e+000
 0.998355 0.000484 0.000484 0.000676
 0.000676 0.000484 0.965980 0.032860
 0.982263 0.000484 0.016576 0.000676
 0.000676 0.692423 0.000484 0.306417
 0.242050 0.000484 0.724606 0.032860
 0.081134 0.000484 0.917705 0.000676
 0.274233 0.000484 0.676331 0.048951
 0.048951 0.000484 0.933797 0.016768
 0.000676 0.000484 0.000484 0.998355
 0.000676 0.370591 0.000484 0.628248
 0.000676 0.032667 0.000484 0.966172
 0.016768 0.837247 0.000484 0.145501
 0.692615 0.000484 0.257950 0.048951
 0.000676 0.982071 0.000484 0.016768

MOTIF 9-CCACCAYGCCYRGCT STREME-9
letter-probability matrix: alength= 4 w= 15 nsites= 81 E= 2.2e+000
 0.027541 0.917537 0.000406 0.054516
 0.000567 0.984973 0.000406 0.014054
 0.971647 0.000406 0.027380 0.000567
 0.014054 0.931024 0.013893 0.041029
 0.027541 0.863588 0.000406 0.108465
 0.850262 0.000406 0.148765 0.000567
 0.014054 0.580356 0.027380 0.378209
 0.297286 0.000406 0.634305 0.068003
 0.014054 0.944511 0.000406 0.041029
 0.000567 0.984973 0.013893 0.000567
 0.000567 0.580356 0.000406 0.418671
 0.364722 0.000406 0.634305 0.000567
 0.027541 0.000406 0.944511 0.027541
 0.000567 0.984973 0.000406 0.014054
 0.014054 0.270150 0.000406 0.715390

********************************************************************************
Stopped because 3 consecutive motifs exceeded the p-value threshold (0.05).
********************************************************************************
COMMAND:	streme -p data/pol3_fasta_by_class/III.fasta -o data/pol3_fasta_by_class/III_streme_out/
********************************************************************************
CPU:		rtis-hpc-r04.uod.otago.ac.nz
********************************************************************************
FINALTIME:	19.87 seconds
********************************************************************************
